"","Amid12","Amid39","Amid40","Amid41","Amid46","Amid49","Amid7","Ileum12","Ileum17","Ileum18","Ileum19","Ileum20","Ileum21","Ileum2","Ileum3","Ileum5","Ileum7","Ileum9","Lmid2","Lmid3","Lmid5","Lmid9","Paunch12","Paunch17","Paunch18","Paunch19","Paunch20","Paunch21","Paunch2","Paunch3","Paunch5","Paunch9","hind12","hind39","hind40","hind41","hind46","hind48","hind49","hind4","hind7"
"Amid12",0,0.773,0.709,0.925,0.705,0.752,0.864,0.963,0.973,0.974,0.973,0.973,0.963,1,0.974,1,0.999,0.999,1,1,1,1,0.959,0.966,0.959,0.949,0.961,0.965,0.945,0.961,0.96,0.953,0.504,0.752,0.804,0.814,0.845,0.706,0.884,0.943,0.782
"Amid39",0.773,0,0.97,0.984,0.795,0.947,0.971,1,1,1,1,1,0.993,1,1,1,1,1,1,1,1,1,1,1,1,1,1,0.999,1,0.993,1,1,0.916,0.891,0.963,0.961,0.965,0.931,0.975,0.987,0.964
"Amid40",0.709,0.97,0,0.9,0.746,0.645,0.896,0.935,0.753,0.739,0.802,0.802,0.97,1,0.948,1,0.995,1,1,1,1,1,0.998,1,0.998,0.993,0.998,0.999,0.994,0.992,0.999,1,0.596,0.876,0.777,0.832,0.839,0.828,0.899,0.985,0.739
"Amid41",0.925,0.984,0.9,0,0.844,0.903,0.902,0.999,0.998,0.998,1,0.998,1,1,1,1,1,1,1,1,1,1,1,1,1,1,1,1,0.999,0.992,1,1,0.931,0.959,0.95,0.883,0.946,0.901,0.97,0.974,0.793
"Amid46",0.705,0.795,0.746,0.844,0,0.813,0.931,0.965,0.965,0.961,0.977,0.963,0.967,1,0.979,1,0.994,1,1,1,1,1,0.997,0.999,0.997,0.992,0.997,0.998,0.993,0.991,0.998,0.999,0.841,0.938,0.919,0.872,0.922,0.818,0.946,0.987,0.879
"Amid49",0.752,0.947,0.645,0.903,0.813,0,0.674,0.968,0.967,0.958,0.975,0.958,0.975,1,0.977,1,0.995,1,1,1,1,1,0.998,1,0.998,0.993,0.998,0.999,0.994,0.992,0.999,1,0.725,0.88,0.877,0.879,0.897,0.842,0.89,0.992,0.788
"Amid7",0.864,0.971,0.896,0.902,0.931,0.674,0,0.965,0.973,0.974,0.979,0.973,0.978,1,0.981,1,0.994,0.999,1,1,1,1,0.96,0.971,0.933,0.941,0.946,0.968,0.886,0.861,0.89,0.96,0.869,0.931,0.899,0.868,0.918,0.868,0.942,0.89,0.772
"Ileum12",0.963,1,0.935,0.999,0.965,0.968,0.965,0,0.76,0.819,0.764,0.709,0.841,0.894,0.884,0.923,0.912,0.892,0.943,0.947,0.926,0.934,0.941,0.962,0.949,0.954,0.955,0.973,0.937,0.944,0.954,0.957,0.942,0.979,0.961,0.982,0.968,0.966,0.98,0.974,0.945
"Ileum17",0.973,1,0.753,0.998,0.965,0.967,0.973,0.76,0,0.537,0.569,0.641,0.871,0.908,0.878,0.93,0.93,0.908,0.957,0.95,0.934,0.937,0.986,0.983,0.992,0.988,0.991,1,0.97,0.981,0.98,0.993,0.883,0.988,0.958,0.991,0.975,0.931,0.984,0.965,0.955
"Ileum18",0.974,1,0.739,0.998,0.961,0.958,0.974,0.819,0.537,0,0.651,0.679,0.932,0.966,0.916,0.974,0.96,0.948,0.992,0.989,0.968,0.973,0.99,0.991,0.991,0.991,0.993,1,0.977,0.985,0.99,0.999,0.883,0.985,0.956,0.988,0.969,0.973,0.983,0.986,0.955
"Ileum19",0.973,1,0.802,1,0.977,0.975,0.979,0.764,0.569,0.651,0,0.711,0.859,0.962,0.914,0.971,0.963,0.964,0.994,0.99,0.969,0.98,0.947,0.988,0.966,0.95,0.987,0.96,0.935,0.981,0.988,0.965,0.883,0.998,0.992,0.998,0.998,0.994,0.986,0.952,0.961
"Ileum20",0.973,1,0.802,0.998,0.963,0.958,0.973,0.709,0.641,0.679,0.711,0,0.873,0.888,0.866,0.935,0.917,0.932,0.944,0.936,0.942,0.935,0.987,0.984,0.992,0.988,0.99,0.999,0.971,0.944,0.982,0.99,0.884,0.985,0.977,0.988,0.979,0.978,0.983,0.92,0.956
"Ileum21",0.963,0.993,0.97,1,0.967,0.975,0.978,0.841,0.871,0.932,0.859,0.873,0,0.895,0.907,0.954,0.942,0.926,0.954,0.954,0.952,0.951,0.989,0.986,0.98,0.987,0.992,0.944,0.966,0.978,0.978,0.984,0.965,0.992,0.989,0.999,0.996,0.986,0.984,0.992,0.97
"Ileum2",1,1,1,1,1,1,1,0.894,0.908,0.966,0.962,0.888,0.895,0,0.601,0.635,0.706,0.649,0.571,0.633,0.739,0.708,0.995,1,0.999,1,0.999,0.999,0.936,0.969,0.943,0.996,1,1,1,1,1,1,1,1,1
"Ileum3",0.974,1,0.948,1,0.979,0.977,0.981,0.884,0.878,0.916,0.914,0.866,0.907,0.601,0,0.637,0.635,0.613,0.644,0.562,0.724,0.668,0.994,0.997,0.995,0.994,0.995,0.998,0.933,0.95,0.929,0.993,0.948,1,0.994,1,1,0.997,0.988,1,0.966
"Ileum5",1,1,1,1,1,1,1,0.923,0.93,0.974,0.971,0.935,0.954,0.635,0.637,0,0.723,0.723,0.699,0.671,0.56,0.739,0.987,0.991,0.992,0.989,0.988,0.997,0.941,0.96,0.906,0.987,1,1,0.997,1,0.999,0.996,1,0.996,0.996
"Ileum7",0.999,1,0.995,1,0.994,0.995,0.994,0.912,0.93,0.96,0.963,0.917,0.942,0.706,0.635,0.723,0,0.647,0.688,0.669,0.774,0.723,0.995,0.996,0.998,0.998,0.995,0.999,0.941,0.968,0.954,0.994,0.994,0.994,0.994,0.994,0.994,0.994,0.996,0.994,0.994
"Ileum9",0.999,1,1,1,1,1,0.999,0.892,0.908,0.948,0.964,0.932,0.926,0.649,0.613,0.723,0.647,0,0.632,0.601,0.805,0.579,0.99,0.993,0.998,0.996,0.995,0.997,0.925,0.958,0.945,0.988,0.999,0.999,0.999,1,0.999,0.999,0.999,0.999,1
"Lmid2",1,1,1,1,1,1,1,0.943,0.957,0.992,0.994,0.944,0.954,0.571,0.644,0.699,0.688,0.632,0,0.584,0.745,0.652,0.999,0.998,1,0.999,0.999,1,0.937,0.968,0.943,0.995,1,1,1,1,1,1,1,1,1
"Lmid3",1,1,1,1,1,1,1,0.947,0.95,0.989,0.99,0.936,0.954,0.633,0.562,0.671,0.669,0.601,0.584,0,0.755,0.602,0.993,0.999,0.999,0.998,0.997,0.999,0.935,0.965,0.943,0.995,1,1,1,1,1,1,1,1,1
"Lmid5",1,1,1,1,1,1,1,0.926,0.934,0.968,0.969,0.942,0.952,0.739,0.724,0.56,0.774,0.805,0.745,0.755,0,0.788,0.993,0.999,0.999,0.996,0.994,1,0.953,0.977,0.929,0.993,1,1,1,1,1,1,1,1,1
"Lmid9",1,1,1,1,1,1,1,0.934,0.937,0.973,0.98,0.935,0.951,0.708,0.668,0.739,0.723,0.579,0.652,0.602,0.788,0,0.988,0.996,0.999,0.996,0.997,0.998,0.94,0.972,0.944,0.988,1,1,1,1,1,1,1,1,1
"Paunch12",0.959,1,0.998,1,0.997,0.998,0.96,0.941,0.986,0.99,0.947,0.987,0.989,0.995,0.994,0.987,0.995,0.99,0.999,0.993,0.993,0.988,0,0.581,0.545,0.532,0.545,0.651,0.713,0.704,0.728,0.618,0.937,0.973,0.951,0.944,0.964,0.896,0.98,0.839,0.951
"Paunch17",0.966,1,1,1,0.999,1,0.971,0.962,0.983,0.991,0.988,0.984,0.986,1,0.997,0.991,0.996,0.993,0.998,0.999,0.999,0.996,0.581,0,0.567,0.616,0.508,0.718,0.812,0.747,0.786,0.75,0.945,0.976,0.96,0.95,0.968,0.903,0.982,0.87,0.953
"Paunch18",0.959,1,0.998,1,0.997,0.998,0.933,0.949,0.992,0.991,0.966,0.992,0.98,0.999,0.995,0.992,0.998,0.998,1,0.999,0.999,0.999,0.545,0.567,0,0.557,0.535,0.663,0.708,0.676,0.74,0.659,0.931,0.969,0.948,0.912,0.958,0.873,0.983,0.821,0.945
"Paunch19",0.949,1,0.993,1,0.992,0.993,0.941,0.954,0.988,0.991,0.95,0.988,0.987,1,0.994,0.989,0.998,0.996,0.999,0.998,0.996,0.996,0.532,0.616,0.557,0,0.57,0.672,0.705,0.725,0.748,0.712,0.922,0.967,0.942,0.933,0.956,0.843,0.975,0.773,0.944
"Paunch20",0.961,1,0.998,1,0.997,0.998,0.946,0.955,0.991,0.993,0.987,0.99,0.992,0.999,0.995,0.988,0.995,0.995,0.999,0.997,0.994,0.997,0.545,0.508,0.535,0.57,0,0.692,0.774,0.687,0.736,0.703,0.938,0.977,0.952,0.936,0.957,0.887,0.98,0.869,0.954
"Paunch21",0.965,0.999,0.999,1,0.998,0.999,0.968,0.973,1,1,0.96,0.999,0.944,0.999,0.998,0.997,0.999,0.997,1,0.999,1,0.998,0.651,0.718,0.663,0.672,0.692,0,0.755,0.805,0.843,0.726,0.944,0.981,0.955,0.934,0.967,0.891,0.986,0.838,0.965
"Paunch2",0.945,1,0.994,0.999,0.993,0.994,0.886,0.937,0.97,0.977,0.935,0.971,0.966,0.936,0.933,0.941,0.941,0.925,0.937,0.935,0.953,0.94,0.713,0.812,0.708,0.705,0.774,0.755,0,0.596,0.639,0.674,0.927,0.97,0.95,0.909,0.952,0.875,0.981,0.785,0.959
"Paunch3",0.961,0.993,0.992,0.992,0.991,0.992,0.861,0.944,0.981,0.985,0.981,0.944,0.978,0.969,0.95,0.96,0.968,0.958,0.968,0.965,0.977,0.972,0.704,0.747,0.676,0.725,0.687,0.805,0.596,0,0.628,0.65,0.936,0.966,0.944,0.927,0.955,0.889,0.976,0.823,0.942
"Paunch5",0.96,1,0.999,1,0.998,0.999,0.89,0.954,0.98,0.99,0.988,0.982,0.978,0.943,0.929,0.906,0.954,0.945,0.943,0.943,0.929,0.944,0.728,0.786,0.74,0.748,0.736,0.843,0.639,0.628,0,0.7,0.943,0.97,0.952,0.933,0.957,0.877,0.987,0.847,0.951
"Paunch9",0.953,1,1,1,0.999,1,0.96,0.957,0.993,0.999,0.965,0.99,0.984,0.996,0.993,0.987,0.994,0.988,0.995,0.995,0.993,0.988,0.618,0.75,0.659,0.712,0.703,0.726,0.674,0.65,0.7,0,0.933,0.977,0.936,0.93,0.948,0.907,0.982,0.873,0.957
"hind12",0.504,0.916,0.596,0.931,0.841,0.725,0.869,0.942,0.883,0.883,0.883,0.884,0.965,1,0.948,1,0.994,0.999,1,1,1,1,0.937,0.945,0.931,0.922,0.938,0.944,0.927,0.936,0.943,0.933,0,0.667,0.774,0.786,0.789,0.7,0.883,0.892,0.642
"hind39",0.752,0.891,0.876,0.959,0.938,0.88,0.931,0.979,0.988,0.985,0.998,0.985,0.992,1,1,1,0.994,0.999,1,1,1,1,0.973,0.976,0.969,0.967,0.977,0.981,0.97,0.966,0.97,0.977,0.667,0,0.684,0.727,0.671,0.737,0.876,0.939,0.827
"hind40",0.804,0.963,0.777,0.95,0.919,0.877,0.899,0.961,0.958,0.956,0.992,0.977,0.989,1,0.994,0.997,0.994,0.999,1,1,1,1,0.951,0.96,0.948,0.942,0.952,0.955,0.95,0.944,0.952,0.936,0.774,0.684,0,0.537,0.384,0.657,0.698,0.917,0.801
"hind41",0.814,0.961,0.832,0.883,0.872,0.879,0.868,0.982,0.991,0.988,0.998,0.988,0.999,1,1,1,0.994,1,1,1,1,1,0.944,0.95,0.912,0.933,0.936,0.934,0.909,0.927,0.933,0.93,0.786,0.727,0.537,0,0.533,0.691,0.784,0.864,0.769
"hind46",0.845,0.965,0.839,0.946,0.922,0.897,0.918,0.968,0.975,0.969,0.998,0.979,0.996,1,1,0.999,0.994,0.999,1,1,1,1,0.964,0.968,0.958,0.956,0.957,0.967,0.952,0.955,0.957,0.948,0.789,0.671,0.384,0.533,0,0.743,0.71,0.931,0.851
"hind48",0.706,0.931,0.828,0.901,0.818,0.842,0.868,0.966,0.931,0.973,0.994,0.978,0.986,1,0.997,0.996,0.994,0.999,1,1,1,1,0.896,0.903,0.873,0.843,0.887,0.891,0.875,0.889,0.877,0.907,0.7,0.737,0.657,0.691,0.743,0,0.87,0.775,0.788
"hind49",0.884,0.975,0.899,0.97,0.946,0.89,0.942,0.98,0.984,0.983,0.986,0.983,0.984,1,0.988,1,0.996,0.999,1,1,1,1,0.98,0.982,0.983,0.975,0.98,0.986,0.981,0.976,0.987,0.982,0.883,0.876,0.698,0.784,0.71,0.87,0,0.976,0.912
"hind4",0.943,0.987,0.985,0.974,0.987,0.992,0.89,0.974,0.965,0.986,0.952,0.92,0.992,1,1,0.996,0.994,0.999,1,1,1,1,0.839,0.87,0.821,0.773,0.869,0.838,0.785,0.823,0.847,0.873,0.892,0.939,0.917,0.864,0.931,0.775,0.976,0,0.887
"hind7",0.782,0.964,0.739,0.793,0.879,0.788,0.772,0.945,0.955,0.955,0.961,0.956,0.97,1,0.966,0.996,0.994,1,1,1,1,1,0.951,0.953,0.945,0.944,0.954,0.965,0.959,0.942,0.951,0.957,0.642,0.827,0.801,0.769,0.851,0.788,0.912,0.887,0
