"","Amid12","Amid39","Amid40","Amid41","Amid46","Amid49","Amid7","Ileum12","Ileum17","Ileum18","Ileum19","Ileum20","Ileum21","Ileum2","Ileum3","Ileum5","Ileum7","Ileum9","Lmid2","Lmid3","Lmid5","Lmid9","Paunch12","Paunch17","Paunch18","Paunch19","Paunch20","Paunch21","Paunch2","Paunch3","Paunch5","Paunch9","hind12","hind39","hind40","hind41","hind46","hind48","hind49","hind4","hind7"
"Amid12",0,0.833333333333333,0.838709677419355,0.945454545454545,0.844827586206897,0.840579710144927,0.867647058823529,0.98,0.988826815642458,0.991452991452991,0.978723404255319,0.989583333333333,0.957746478873239,1,0.997971602434077,1,0.997701149425287,0.998076923076923,1,1,1,1,0.967647058823529,0.96875,0.971354166666667,0.959183673469388,0.963380281690141,0.968627450980392,0.96816976127321,0.975409836065574,0.973134328358209,0.964088397790055,0.442857142857143,0.671428571428571,0.76271186440678,0.771929824561403,0.842105263157895,0.707070707070707,0.836206896551724,0.826530612244898,0.79746835443038
"Amid39",0.833333333333333,0,0.863636363636364,0.875,0.846153846153846,0.884615384615385,0.877551020408163,1,1,1,1,1,0.983870967741935,1,1,1,1,1,1,1,1,1,1,1,1,1,1,0.995833333333333,1,0.997159090909091,1,1,0.89873417721519,0.775862068965517,0.902654867256637,0.927272727272727,0.9,0.895833333333333,0.933962264150943,0.966666666666667,0.926470588235294
"Amid40",0.838709677419355,0.863636363636364,0,0.8125,0.575757575757576,0.604651162790698,0.882352941176471,0.983425414364641,0.981012658227848,0.968421052631579,0.972972972972973,0.982456140350877,0.976,1,0.997885835095137,1,0.997590361445783,1,1,1,1,1,0.996969696969697,1,0.997326203208556,0.992957746478873,0.997118155619596,0.995867768595041,0.994550408719346,0.991477272727273,0.996904024767802,1,0.858974358974359,0.82258064516129,0.8,0.846153846153846,0.833333333333333,0.863157894736842,0.802083333333333,0.978494623655914,0.863636363636364
"Amid41",0.945454545454545,0.875,0.8125,0,0.821428571428571,0.789473684210526,0.951219512195122,0.994082840236686,0.993150684931507,0.987951807228916,1,0.993710691823899,1,1,1,1,1,1,1,1,1,1,1,1,1,1,1,1,0.997175141242938,0.994100294985251,1,1,0.958333333333333,0.886792452830189,0.912621359223301,0.907216494845361,0.911111111111111,0.906976744186046,0.89010989010989,0.9875,0.948275862068966
"Amid46",0.844827586206897,0.846153846153846,0.575757575757576,0.821428571428571,0,0.69047619047619,0.916666666666667,0.977142857142857,0.980392156862745,0.955056179775281,0.971014492753623,0.975757575757576,0.957627118644068,1,0.997863247863248,1,0.995110024449878,1,1,1,1,1,0.993827160493827,0.996710526315789,0.994565217391304,0.989208633093525,0.994134897360704,0.991525423728814,0.991689750692521,0.988439306358382,0.993690851735016,0.997134670487106,0.864864864864865,0.807017543859649,0.869158878504673,0.883495145631068,0.861702127659574,0.880434782608696,0.842105263157895,0.977272727272727,0.888888888888889
"Amid49",0.840579710144927,0.884615384615385,0.604651162790698,0.789473684210526,0.69047619047619,0,0.916666666666667,0.984126984126984,0.981927710843373,0.970873786407767,0.975609756097561,0.983240223463687,0.985074626865672,1,0.997920997920998,1,0.997635933806147,1,1,1,1,1,0.997041420118343,1,0.99738219895288,0.993150684931507,0.997183098591549,0.996,0.994666666666667,0.991666666666667,0.996978851963746,1,0.897727272727273,0.859154929577465,0.792792792792793,0.803738317757009,0.8,0.884615384615385,0.67741935483871,0.990196078431373,0.878378378378378
"Amid7",0.867647058823529,0.877551020408163,0.882352941176471,0.951219512195122,0.916666666666667,0.916666666666667,0,0.983870967741935,0.98159509202454,0.98019801980198,0.974683544303797,0.982954545454545,0.968992248062015,1,0.997907949790795,1,0.995226730310263,0.998019801980198,1,1,1,1,0.975609756097561,0.983870967741935,0.983957219251337,0.971731448763251,0.985632183908046,0.987755102040816,0.989189189189189,0.977272727272727,0.987692307692308,0.98876404494382,0.880952380952381,0.835820895522388,0.889830508474576,0.91304347826087,0.916666666666667,0.892156862745098,0.878504672897196,0.850574712643678,0.666666666666667
"Ileum12",0.98,1,0.983425414364641,0.994082840236686,0.977142857142857,0.984126984126984,0.983870967741935,0,0.885931558935361,0.92018779342723,0.899470899470899,0.883211678832117,0.938775510204082,0.946322067594433,0.947916666666667,0.932950191570881,0.933852140077821,0.939698492462312,0.939823008849557,0.951013513513513,0.923076923076923,0.945205479452055,0.918224299065421,0.945107398568019,0.932631578947368,0.941772151898734,0.940397350993378,0.961218836565097,0.924892703862661,0.927312775330396,0.927058823529412,0.943600867678959,0.976851851851852,0.980099502487562,0.980237154150198,0.983870967741935,0.987551867219917,0.974358974358974,0.983539094650206,0.977477477477477,0.980295566502463
"Ileum17",0.988826815642458,1,0.981012658227848,0.993150684931507,0.980392156862745,0.981927710843373,0.98159509202454,0.885931558935361,0,0.810344827586207,0.885542168674699,0.753303964757709,0.946666666666667,0.950310559006211,0.94954954954955,0.932,0.941532258064516,0.948275862068966,0.954627949183303,0.943462897526502,0.921195652173913,0.944839857651246,0.986175115207373,0.983009708737864,0.989561586638831,0.987179487179487,0.988938053097345,1,0.969827586206897,0.968888888888889,0.959134615384615,0.989106753812636,0.984615384615385,0.988888888888889,0.987068965517241,0.991189427312775,0.990867579908676,0.976415094339623,0.986425339366516,0.985074626865672,0.983425414364641
"Ileum18",0.991452991452991,1,0.968421052631579,0.987951807228916,0.955056179775281,0.970873786407767,0.98019801980198,0.92018779342723,0.810344827586207,0,0.826923076923077,0.823529411764706,0.945454545454545,0.981651376146789,0.984375,0.980519480519481,0.984615384615385,0.983271375464684,0.986166007905138,0.986742424242424,0.972307692307692,0.978805394990366,0.989276139410188,0.985754985754986,0.985542168674699,0.98780487804878,0.987146529562982,1,0.982843137254902,0.982233502538071,0.972222222222222,0.9975,0.977272727272727,0.982905982905983,0.982248520710059,0.98780487804878,0.987179487179487,0.973333333333333,0.974522292993631,0.985611510791367,0.974576271186441
"Ileum19",0.978723404255319,1,0.972972972972973,1,0.971014492753623,0.975609756097561,0.974683544303797,0.899470899470899,0.885542168674699,0.826923076923077,0,0.88135593220339,0.937062937062937,0.978208232445521,0.983673469387755,0.977220956719818,0.983833718244804,0.980582524271845,0.989711934156379,0.988165680473373,0.973684210526316,0.986027944111776,0.979885057471264,0.981707317073171,0.989873417721519,0.980263157894737,0.983606557377049,0.996240601503759,0.973890339425587,0.97289972899729,0.976470588235294,0.978436657681941,0.963302752293578,0.989583333333333,0.986486486486487,0.993006993006993,0.992592592592593,0.976744186046512,0.985401459854015,0.965217391304348,0.96875
"Ileum20",0.989583333333333,1,0.982456140350877,0.993710691823899,0.975757575757576,0.983240223463687,0.982954545454545,0.883211678832117,0.753303964757709,0.823529411764706,0.88135593220339,0,0.931623931623932,0.932238193018481,0.931899641577061,0.93579766536965,0.930417495029821,0.935042735042735,0.938738738738739,0.935540069686411,0.935064935064935,0.929328621908127,0.988839285714286,0.976303317535545,0.989837398373984,0.987593052109181,0.987068965517241,0.997252747252747,0.961945031712474,0.97198275862069,0.957943925233645,0.989406779661017,0.990430622009569,0.989637305699482,0.987755102040816,0.991666666666667,0.991379310344828,0.977777777777778,0.982832618025751,0.985981308411215,0.98974358974359
"Ileum21",0.957746478873239,0.983870967741935,0.976,1,0.957627118644068,0.985074626865672,0.968992248062015,0.938775510204082,0.946666666666667,0.945454545454545,0.937062937062937,0.931623931623932,0,0.939597315436242,0.956356736242884,0.971252566735113,0.962025316455696,0.937384898710866,0.951737451737452,0.959484346224678,0.971751412429379,0.95910780669145,0.9825,0.976127320954907,0.977324263038549,0.977401129943503,0.983213429256595,0.936666666666667,0.960280373831776,0.963942307692308,0.958333333333333,0.97624703087886,0.962264150943396,0.972413793103448,0.974619289340102,0.994871794871795,0.983783783783784,0.96045197740113,0.973118279569892,0.976047904191617,0.972789115646258
"Ileum2",1,1,1,1,1,1,1,0.946322067594433,0.950310559006211,0.981651376146789,0.978208232445521,0.932238193018481,0.939597315436242,0,0.753799392097264,0.752427184466019,0.798107255520505,0.772463768115942,0.692926045016077,0.761127596439169,0.812734082397004,0.804034582132565,0.997037037037037,1,0.998611111111111,1,0.998556998556999,0.998299319727891,0.926426426426426,0.956845238095238,0.924558587479936,0.994261119081779,1,1,1,1,1,1,1,1,1
"Ileum3",0.997971602434077,1,0.997885835095137,1,0.997863247863248,0.997920997920998,0.997907949790795,0.947916666666667,0.94954954954955,0.984375,0.983673469387755,0.931899641577061,0.956356736242884,0.753799392097264,0,0.754411764705882,0.737951807228916,0.766042780748663,0.766990291262136,0.694842406876791,0.824503311258278,0.76734693877551,0.997336884154461,0.995884773662551,0.994955863808323,0.998585572842999,0.994778067885117,0.996983408748115,0.931081081081081,0.94429347826087,0.921965317919075,0.992217898832685,0.998039215686275,1,0.998171846435101,1,1,0.998109640831758,0.998134328358209,1,0.997983870967742
"Ileum5",1,1,1,1,1,1,1,0.932950191570881,0.932,0.980519480519481,0.977220956719818,0.93579766536965,0.971252566735113,0.752427184466019,0.754411764705882,0,0.793577981651376,0.809264305177112,0.779069767441861,0.780763790664781,0.74573055028463,0.806406685236769,0.994285714285714,0.995588235294118,0.995973154362416,0.993893129770992,0.993016759776536,0.996742671009772,0.932374100719425,0.952517985611511,0.904088050314465,0.988888888888889,1,1,0.997991967871486,1,0.997933884297521,0.997916666666667,1,0.997858672376874,0.997762863534676
"Ileum7",0.997701149425287,1,0.997590361445783,1,0.995110024449878,0.997635933806147,0.995226730310263,0.933852140077821,0.941532258064516,0.984615384615385,0.983833718244804,0.930417495029821,0.962025316455696,0.798107255520505,0.737951807228916,0.793577981651376,0,0.726067746686303,0.757847533632287,0.765557163531114,0.846017699115044,0.800565770862801,0.997113997113997,0.995529061102832,0.997286295793758,0.996913580246914,0.994350282485876,0.998349834983498,0.93768115942029,0.957971014492754,0.943164362519201,0.991584852734923,0.995565410199557,0.995402298850575,0.995901639344262,0.995850622406639,0.9957805907173,0.995744680851064,0.9958071278826,0.99562363238512,0.995423340961098
"Ileum9",0.998076923076923,1,1,1,1,1,0.998019801980198,0.939698492462312,0.948275862068966,0.983271375464684,0.980582524271845,0.935042735042735,0.937384898710866,0.772463768115942,0.766042780748663,0.809264305177112,0.726067746686303,0,0.741758241758242,0.737550471063257,0.860896445131376,0.720164609053498,0.993548387096774,0.994701986754967,0.997566909975669,0.995901639344262,0.994955863808323,0.995645863570392,0.920844327176781,0.951760104302477,0.936726272352132,0.987405541561713,0.998137802607076,0.998080614203455,0.998257839721254,1,0.998214285714286,0.998201438848921,0.998223801065719,0.998158379373849,1
"Lmid2",1,1,1,1,1,1,1,0.939823008849557,0.954627949183303,0.986166007905138,0.989711934156379,0.938738738738739,0.951737451737452,0.692926045016077,0.766990291262136,0.779069767441861,0.757847533632287,0.741758241758242,0,0.724964739069111,0.818487394957983,0.75828729281768,0.998657718120805,0.997233748271093,1,0.998571428571429,0.998687664041995,1,0.92896174863388,0.959459459459459,0.932080924855491,0.993464052287582,1,1,1,1,1,1,1,1,1
"Lmid3",1,1,1,1,1,1,1,0.951013513513513,0.943462897526502,0.986742424242424,0.988165680473373,0.935540069686411,0.959484346224678,0.761127596439169,0.694842406876791,0.780763790664781,0.765557163531114,0.737550471063257,0.724964739069111,0,0.82875605815832,0.727900552486188,0.996078431372549,0.998659517426273,0.998766954377312,0.998614958448753,0.997445721583653,0.998527245949926,0.92676431424767,0.956521739130435,0.935664335664336,0.993646759847522,1,1,1,1,1,1,1,1,1
"Lmid5",1,1,1,1,1,1,1,0.923076923076923,0.921195652173913,0.972307692307692,0.973684210526316,0.935064935064935,0.971751412429379,0.812734082397004,0.824503311258278,0.74573055028463,0.846017699115044,0.860896445131376,0.818487394957983,0.82875605815832,0,0.848,0.99468085106383,0.998165137614679,0.998360655737705,0.996153846153846,0.994836488812392,1,0.942307692307692,0.963157894736842,0.910505836575875,0.98974358974359,1,1,1,1,1,1,1,1,1
"Lmid9",1,1,1,1,1,1,1,0.945205479452055,0.944839857651246,0.978805394990366,0.986027944111776,0.929328621908127,0.95910780669145,0.804034582132565,0.76734693877551,0.806406685236769,0.800565770862801,0.720164609053498,0.75828729281768,0.727900552486188,0.848,0,0.994729907773386,0.997297297297297,0.998759305210918,0.995804195804196,0.996138996138996,0.99702823179792,0.937665782493369,0.964473684210526,0.935211267605634,0.991025641025641,1,1,1,1,1,1,1,1,1
"Paunch12",0.967647058823529,1,0.996969696969697,1,0.993827160493827,0.997041420118343,0.975609756097561,0.918224299065421,0.986175115207373,0.989276139410188,0.979885057471264,0.988839285714286,0.9825,0.997037037037037,0.997336884154461,0.994285714285714,0.997113997113997,0.993548387096774,0.998657718120805,0.996078431372549,0.99468085106383,0.994729907773386,0,0.762605042016807,0.739884393063584,0.738839285714286,0.746,0.842572062084257,0.853097345132743,0.840950639853748,0.870786516853933,0.792380952380952,0.942528735632184,0.979710144927536,0.961538461538462,0.955497382198953,0.97911227154047,0.93972602739726,0.976623376623377,0.915942028985507,0.967930029154519
"Paunch17",0.96875,1,1,1,0.996710526315789,1,0.983870967741935,0.945107398568019,0.983009708737864,0.985754985754986,0.981707317073171,0.976303317535545,0.976127320954907,1,0.995884773662551,0.995588235294118,0.995529061102832,0.994701986754967,0.997233748271093,0.998659517426273,0.998165137614679,0.997297297297297,0.762605042016807,0,0.773255813953488,0.766439909297052,0.778225806451613,0.832167832167832,0.868231046931408,0.845574387947269,0.876447876447876,0.825670498084291,0.945288753799392,0.984662576687117,0.973262032085562,0.964383561643836,0.977900552486188,0.939130434782609,0.978082191780822,0.923780487804878,0.972222222222222
"Paunch18",0.971354166666667,1,0.997326203208556,1,0.994565217391304,0.99738219895288,0.983957219251337,0.932631578947368,0.989561586638831,0.985542168674699,0.989873417721519,0.989837398373984,0.977324263038549,0.998611111111111,0.994955863808323,0.995973154362416,0.997286295793758,0.997566909975669,1,0.998766954377312,0.998360655737705,0.998759305210918,0.739884393063584,0.773255813953488,0,0.736514522821577,0.755102040816326,0.82815734989648,0.846666666666667,0.831034482758621,0.868881118881119,0.787119856887299,0.943589743589744,0.982005141388175,0.965437788018433,0.957647058823529,0.981264637002342,0.938423645320197,0.983758700696056,0.928205128205128,0.971576227390181
"Paunch19",0.959183673469388,1,0.992957746478873,1,0.989208633093525,0.993150684931507,0.971731448763251,0.941772151898734,0.987179487179487,0.98780487804878,0.980263157894737,0.987593052109181,0.977401129943503,1,0.998585572842999,0.993893129770992,0.996913580246914,0.995901639344262,0.998571428571429,0.998614958448753,0.996153846153846,0.995804195804196,0.738839285714286,0.766439909297052,0.736514522821577,0,0.782426778242678,0.836585365853659,0.847036328871893,0.845098039215686,0.865853658536585,0.817269076305221,0.93046357615894,0.973244147157191,0.956521739130435,0.949554896142433,0.976331360946746,0.93125,0.970501474926254,0.895973154362416,0.956081081081081
"Paunch20",0.963380281690141,1,0.997118155619596,1,0.994134897360704,0.997183098591549,0.985632183908046,0.940397350993378,0.988938053097345,0.987146529562982,0.983606557377049,0.987068965517241,0.983213429256595,0.998556998556999,0.994778067885117,0.993016759776536,0.994350282485876,0.994955863808323,0.998687664041995,0.997445721583653,0.994836488812392,0.996138996138996,0.746,0.778225806451613,0.755102040816326,0.782426778242678,0,0.850746268656716,0.843478260869565,0.822784810126582,0.862385321100917,0.805504587155963,0.93646408839779,0.983471074380165,0.968215158924205,0.957393483709273,0.977443609022556,0.942408376963351,0.977611940298508,0.925824175824176,0.975138121546961
"Paunch21",0.968627450980392,0.995833333333333,0.995867768595041,1,0.991525423728814,0.996,0.987755102040816,0.961218836565097,1,1,0.996240601503759,0.997252747252747,0.936666666666667,0.998299319727891,0.996983408748115,0.996742671009772,0.998349834983498,0.995645863570392,1,0.998527245949926,1,0.99702823179792,0.842572062084257,0.832167832167832,0.82815734989648,0.836585365853659,0.850746268656716,0,0.873239436619718,0.883435582822086,0.89247311827957,0.864864864864865,0.947368421052632,0.976744186046512,0.964052287581699,0.956375838926175,0.976351351351351,0.939716312056738,0.983388704318937,0.916666666666667,0.972972972972973
"Paunch2",0.96816976127321,1,0.994550408719346,0.997175141242938,0.991689750692521,0.994666666666667,0.989189189189189,0.924892703862661,0.969827586206897,0.982843137254902,0.973890339425587,0.961945031712474,0.960280373831776,0.926426426426426,0.931081081081081,0.932374100719425,0.93768115942029,0.920844327176781,0.92896174863388,0.92676431424767,0.942307692307692,0.937665782493369,0.853097345132743,0.868231046931408,0.846666666666667,0.847036328871893,0.843478260869565,0.873239436619718,0,0.782608695652174,0.795112781954887,0.795698924731183,0.942708333333333,0.981723237597911,0.962529274004684,0.954545454545455,0.976133651551313,0.942786069651741,0.981132075471698,0.935400516795866,0.973821989528796
"Paunch3",0.975409836065574,0.997159090909091,0.991477272727273,0.994100294985251,0.988439306358382,0.991666666666667,0.977272727272727,0.927312775330396,0.968888888888889,0.982233502538071,0.97289972899729,0.97198275862069,0.963942307692308,0.956845238095238,0.94429347826087,0.952517985611511,0.957971014492754,0.951760104302477,0.959459459459459,0.956521739130435,0.963157894736842,0.964473684210526,0.840950639853748,0.845574387947269,0.831034482758621,0.845098039215686,0.822784810126582,0.883435582822086,0.782608695652174,0,0.803435114503817,0.770093457943925,0.949061662198391,0.972677595628415,0.953658536585366,0.955555555555556,0.977832512315271,0.943444730077121,0.975490196078431,0.932975871313673,0.970027247956403
"Paunch5",0.973134328358209,1,0.996904024767802,1,0.993690851735016,0.996978851963746,0.987692307692308,0.927058823529412,0.959134615384615,0.972222222222222,0.976470588235294,0.957943925233645,0.958333333333333,0.924558587479936,0.921965317919075,0.904088050314465,0.943164362519201,0.936726272352132,0.932080924855491,0.935664335664336,0.910505836575875,0.935211267605634,0.870786516853933,0.876447876447876,0.868881118881119,0.865853658536585,0.862385321100917,0.89247311827957,0.795112781954887,0.803435114503817,0,0.836734693877551,0.953623188405797,0.979289940828402,0.963541666666667,0.962962962962963,0.976,0.935574229691877,0.984251968503937,0.920588235294118,0.970326409495549
"Paunch9",0.964088397790055,1,1,1,0.997134670487106,1,0.98876404494382,0.943600867678959,0.989106753812636,0.9975,0.978436657681941,0.989406779661017,0.97624703087886,0.994261119081779,0.992217898832685,0.988888888888889,0.991584852734923,0.987405541561713,0.993464052287582,0.993646759847522,0.98974358974359,0.991025641025641,0.792380952380952,0.825670498084291,0.787119856887299,0.817269076305221,0.805504587155963,0.864864864864865,0.795698924731183,0.770093457943925,0.836734693877551,0,0.940540540540541,0.983783783783784,0.961259079903148,0.958128078817734,0.977832512315271,0.943444730077121,0.987893462469734,0.924324324324324,0.978378378378378
"hind12",0.442857142857143,0.89873417721519,0.858974358974359,0.958333333333333,0.864864864864865,0.897727272727273,0.880952380952381,0.976851851851852,0.984615384615385,0.977272727272727,0.963302752293578,0.990430622009569,0.962264150943396,1,0.998039215686275,1,0.995565410199557,0.998137802607076,1,1,1,1,0.942528735632184,0.945288753799392,0.943589743589744,0.93046357615894,0.93646408839779,0.947368421052632,0.942708333333333,0.949061662198391,0.953623188405797,0.940540540540541,0,0.720930232558139,0.765151515151515,0.702479338842975,0.808,0.693693693693694,0.821705426356589,0.766355140186916,0.755555555555556
"hind39",0.671428571428571,0.775862068965517,0.82258064516129,0.886792452830189,0.807017543859649,0.859154929577465,0.835820895522388,0.980099502487562,0.988888888888889,0.982905982905983,0.989583333333333,0.989637305699482,0.972413793103448,1,1,1,0.995402298850575,0.998080614203455,1,1,1,1,0.979710144927536,0.984662576687117,0.982005141388175,0.973244147157191,0.983471074380165,0.976744186046512,0.981723237597911,0.972677595628415,0.979289940828402,0.983783783783784,0.720930232558139,0,0.675675675675676,0.718181818181818,0.70873786407767,0.71,0.740740740740741,0.884615384615385,0.753246753246753
"hind40",0.76271186440678,0.902654867256637,0.8,0.912621359223301,0.869158878504673,0.792792792792793,0.889830508474576,0.980237154150198,0.987068965517241,0.982248520710059,0.986486486486487,0.987755102040816,0.974619289340102,1,0.998171846435101,0.997991967871486,0.995901639344262,0.998257839721254,1,1,1,1,0.961538461538462,0.973262032085562,0.965437788018433,0.956521739130435,0.968215158924205,0.964052287581699,0.962529274004684,0.953658536585366,0.963541666666667,0.961259079903148,0.765151515151515,0.675675675675676,0,0.47244094488189,0.48780487804878,0.671532846715328,0.578947368421053,0.858108108108108,0.788617886178862
"hind41",0.771929824561403,0.927272727272727,0.846153846153846,0.907216494845361,0.883495145631068,0.803738317757009,0.91304347826087,0.983870967741935,0.991189427312775,0.98780487804878,0.993006993006993,0.991666666666667,0.994871794871795,1,1,1,0.995850622406639,1,1,1,1,1,0.955497382198953,0.964383561643836,0.957647058823529,0.949554896142433,0.957393483709273,0.956375838926175,0.954545454545455,0.955555555555556,0.962962962962963,0.958128078817734,0.702479338842975,0.718181818181818,0.47244094488189,0,0.548387096774194,0.676691729323308,0.613636363636364,0.818840579710145,0.788135593220339
"hind46",0.842105263157895,0.9,0.833333333333333,0.911111111111111,0.861702127659574,0.8,0.916666666666667,0.987551867219917,0.990867579908676,0.987179487179487,0.992592592592593,0.991379310344828,0.983783783783784,1,1,0.997933884297521,0.9957805907173,0.998214285714286,1,1,1,1,0.97911227154047,0.977900552486188,0.981264637002342,0.976331360946746,0.977443609022556,0.976351351351351,0.976133651551313,0.977832512315271,0.976,0.977832512315271,0.808,0.70873786407767,0.48780487804878,0.548387096774194,0,0.736842105263158,0.565573770491803,0.908450704225352,0.826086956521739
"hind48",0.707070707070707,0.895833333333333,0.863157894736842,0.906976744186046,0.880434782608696,0.884615384615385,0.892156862745098,0.974358974358974,0.976415094339623,0.973333333333333,0.976744186046512,0.977777777777778,0.96045197740113,1,0.998109640831758,0.997916666666667,0.995744680851064,0.998201438848921,1,1,1,1,0.93972602739726,0.939130434782609,0.938423645320197,0.93125,0.942408376963351,0.939716312056738,0.942786069651741,0.943444730077121,0.935574229691877,0.943444730077121,0.693693693693694,0.71,0.671532846715328,0.676691729323308,0.736842105263158,0,0.787234042553192,0.752066115702479,0.798165137614679
"hind49",0.836206896551724,0.933962264150943,0.802083333333333,0.89010989010989,0.842105263157895,0.67741935483871,0.878504672897196,0.983539094650206,0.986425339366516,0.974522292993631,0.985401459854015,0.982832618025751,0.973118279569892,1,0.998134328358209,1,0.9958071278826,0.998223801065719,1,1,1,1,0.976623376623377,0.978082191780822,0.983758700696056,0.970501474926254,0.977611940298508,0.983388704318937,0.981132075471698,0.975490196078431,0.984251968503937,0.987893462469734,0.821705426356589,0.740740740740741,0.578947368421053,0.613636363636364,0.565573770491803,0.787234042553192,0,0.939597315436242,0.8
"hind4",0.826530612244898,0.966666666666667,0.978494623655914,0.9875,0.977272727272727,0.990196078431373,0.850574712643678,0.977477477477477,0.985074626865672,0.985611510791367,0.965217391304348,0.985981308411215,0.976047904191617,1,1,0.997858672376874,0.99562363238512,0.998158379373849,1,1,1,1,0.915942028985507,0.923780487804878,0.928205128205128,0.895973154362416,0.925824175824176,0.916666666666667,0.935400516795866,0.932975871313673,0.920588235294118,0.924324324324324,0.766355140186916,0.884615384615385,0.858108108108108,0.818840579710145,0.908450704225352,0.752066115702479,0.939597315436242,0,0.831683168316832
"hind7",0.79746835443038,0.926470588235294,0.863636363636364,0.948275862068966,0.888888888888889,0.878378378378378,0.666666666666667,0.980295566502463,0.983425414364641,0.974576271186441,0.96875,0.98974358974359,0.972789115646258,1,0.997983870967742,0.997762863534676,0.995423340961098,1,1,1,1,1,0.967930029154519,0.972222222222222,0.971576227390181,0.956081081081081,0.975138121546961,0.972972972972973,0.973821989528796,0.970027247956403,0.970326409495549,0.978378378378378,0.755555555555556,0.753246753246753,0.788617886178862,0.788135593220339,0.826086956521739,0.798165137614679,0.8,0.831683168316832,0
